,audio_file,duration,peak_amplitude,peak_freq_resolution,peak_frequency,region_id,rms,start,stop,terminal_frequency,terminal_frequency_threshold
0,segment_matching_annotaudio_Aditya_2018-08-17_01_10_hp,0.000896,0.02374267578125,2212.3893805309735,100446.42857142858,fm1,0.009688468954827147,0.000708,0.001604,95982.14285714287,-10
1,segment_matching_annotaudio_Aditya_2018-08-17_01_10_hp,0.015308,0.064453125,130.61650992685475,101907.49934674682,cf1,0.03152614969828034,0.001604,0.016912,101907.49934674682,-10
2,segment_matching_annotaudio_Aditya_2018-08-17_01_10_hp,0.001504,0.038177490234375,1322.7513227513227,103058.51063829788,fm2,0.015162801067528424,0.016912,0.018416,95079.78723404257,-10
0,segment_matching_annotaudio_Aditya_2018-08-17_01_11_hp,0.018576,0.0941162109375,107.6194575979337,103305.34022394489,cf1,0.050830253472796766,0.00032,0.018896,103197.67441860466,-10
1,segment_matching_annotaudio_Aditya_2018-08-17_01_11_hp,0.002024,0.06402587890625,984.2519685039371,96837.94466403163,fm1,0.029251833230517426,0.018896,0.02092,87450.5928853755,-10
0,segment_matching_annotaudio_Aditya_2018-08-17_01_13_hp,0.00186,0.0692138671875,1072.961373390558,104301.0752688172,fm1,0.03272216652474108,0.00084,0.0027,94623.6559139785,-10
1,segment_matching_annotaudio_Aditya_2018-08-17_01_13_hp,0.012936,0.091156005859375,154.51174289245984,108998.14471243044,cf1,0.047652825662915746,0.0027,0.015636,108766.23376623378,-10
2,segment_matching_annotaudio_Aditya_2018-08-17_01_13_hp,0.00228,0.090423583984375,874.1258741258741,107017.54385964913,fm2,0.037224250166231286,0.015636,0.017916,92982.45614035089,-10
0,segment_matching_annotaudio_Aditya_2018-08-17_01_15_hp,0.000192,0.009735107421875,10000.0,93750.0,cf1,0.005744312619203931,0.000576,0.000768,88541.66666666666,-10
1,segment_matching_annotaudio_Aditya_2018-08-17_01_15_hp,0.0018,0.035675048828125,1106.1946902654868,107222.22222222222,fm1,0.016880397360274055,0.000768,0.002568,95000.0,-10
2,segment_matching_annotaudio_Aditya_2018-08-17_01_15_hp,0.0144,0.0684814453125,138.811771238201,108958.33333333333,cf2,0.038221313531571405,0.002568,0.016968,108819.44444444444,-10
3,segment_matching_annotaudio_Aditya_2018-08-17_01_15_hp,0.001628,0.04254150390625,1225.4901960784314,107493.85749385749,fm2,0.01985344188123822,0.016968,0.018596,92751.84275184275,-10
0,segment_matching_annotaudio_Aditya_2018-08-17_01_21_hp,0.001836,0.057159423828125,1086.9565217391305,99128.54030501089,fm1,0.025062148176728617,0.00104,0.002876,92047.9302832244,-10
1,segment_matching_annotaudio_Aditya_2018-08-17_01_21_hp,0.018924,0.0958251953125,105.66356720202874,103202.28281547241,cf1,0.04722495054109568,0.002876,0.0218,103043.7539632213,-10
2,segment_matching_annotaudio_Aditya_2018-08-17_01_21_hp,0.002108,0.082122802734375,946.969696969697,96299.81024667932,fm2,0.02967834521037068,0.0218,0.023908,87286.5275142315,-10
0,segment_matching_annotaudio_Aditya_2018-08-17_01_22_hp,0.014416,0.08154296875,138.65779256794232,104744.7280799112,cf1,0.047785197634661346,0.00044,0.014856,104605.99334073252,-10
1,segment_matching_annotaudio_Aditya_2018-08-17_01_22_hp,0.001928,0.05059814453125,1033.0578512396694,95435.6846473029,fm1,0.023949705351212176,0.014856,0.016784,89730.29045643154,-10
0,segment_matching_annotaudio_Aditya_2018-08-17_01_26_hp,0.013336,0.035003662109375,149.8800959232614,103554.28914217158,cf1,0.015047318972261149,0.0,0.013336,103404.31913617277,-10
1,segment_matching_annotaudio_Aditya_2018-08-17_01_26_hp,0.001664,0.01287841796875,1196.1722488038276,96153.84615384616,fm1,0.005672894776964935,0.013336,0.015,90144.23076923077,-10
0,segment_matching_annotaudio_Aditya_2018-08-17_01_28_hp,0.011436,0.0352783203125,174.82517482517483,104931.79433368311,cf1,0.015864308524479984,8.8e-05,0.011524,104669.4648478489,-10
1,segment_matching_annotaudio_Aditya_2018-08-17_01_28_hp,0.002316,0.0423583984375,862.0689655172414,104058.7219343696,fm1,0.015989401835101953,0.011524,0.01384,87651.1226252159,-10
2,segment_matching_annotaudio_Aditya_2018-08-17_01_28_hp,0.00016,0.016357421875,11904.761904761905,100000.00000000001,cf2,0.009238554777084183,0.01384,0.014,100000.00000000001,-10
0,segment_matching_annotaudio_Aditya_2018-08-17_01_29_hp,0.000348,0.011749267578125,5681.818181818182,103448.27586206897,fm1,0.006265940630885347,0.00024,0.000588,100574.71264367817,-10
1,segment_matching_annotaudio_Aditya_2018-08-17_01_29_hp,0.030916,0.054229736328125,64.68305304010349,105123.56061586234,cf1,0.022179164236628527,0.000588,0.031504,104606.02924052272,-10
2,segment_matching_annotaudio_Aditya_2018-08-17_01_29_hp,0.000332,0.0291748046875,5952.380952380952,102409.63855421687,fm2,0.011893000946053393,0.031504,0.031836,96385.5421686747,-10
3,segment_matching_annotaudio_Aditya_2018-08-17_01_29_hp,0.000336,0.0211181640625,5813.953488372093,104166.66666666667,cf2,0.011215333533216413,0.031836,0.032172,101190.47619047618,-10
4,segment_matching_annotaudio_Aditya_2018-08-17_01_29_hp,0.001684,0.03070068359375,1184.8341232227488,103325.41567695963,fm3,0.011417961534776042,0.032172,0.033856,92636.57957244657,-10
5,segment_matching_annotaudio_Aditya_2018-08-17_01_29_hp,0.000132,0.017578125,14705.882352941177,90909.09090909093,cf3,0.008966575110847554,0.033856,0.033988,90909.09090909093,-10
0,segment_matching_annotaudio_Aditya_2018-08-17_01_33_hp,0.001356,0.02301025390625,1470.5882352941176,104719.76401179942,fm1,0.011746978682953994,0.00096,0.002316,95870.20648967552,-10
1,segment_matching_annotaudio_Aditya_2018-08-17_01_33_hp,0.01378,0.060302734375,145.09576320371445,106894.04934687955,cf1,0.03284683855975086,0.002316,0.016096,106821.48040638608,-10
2,segment_matching_annotaudio_Aditya_2018-08-17_01_33_hp,0.002008,0.039794921875,992.063492063492,105079.6812749004,fm2,0.018026582370828537,0.016096,0.018104,92131.47410358566,-10
0,segment_matching_annotaudio_Aditya_2018-08-17_01_34_hp,0.018984,0.059906005859375,105.30749789385004,105931.31057732827,cf1,0.027875697278950274,0.000284,0.019268,105773.2827644332,-10
1,segment_matching_annotaudio_Aditya_2018-08-17_01_34_hp,0.001696,0.0457763671875,1173.7089201877934,102004.71698113208,fm1,0.01705394873470428,0.019268,0.020964,94339.62264150943,-10
0,segment_matching_annotaudio_Aditya_2018-08-17_01_35_hp,0.015636,0.031005859375,127.8772378516624,108467.63878229726,cf1,0.015367153316289555,2.4e-05,0.01566,108339.72883090304,-10
1,segment_matching_annotaudio_Aditya_2018-08-17_01_35_hp,0.000336,0.012725830078125,5813.953488372093,107142.85714285714,fm1,0.0065230853706609755,0.01566,0.015996,104166.66666666667,-10
2,segment_matching_annotaudio_Aditya_2018-08-17_01_35_hp,0.000168,0.01171875,11363.636363636364,107142.85714285714,cf2,0.0060809563210917315,0.015996,0.016164,101190.47619047618,-10
3,segment_matching_annotaudio_Aditya_2018-08-17_01_35_hp,0.000732,0.013275146484375,2717.391304347826,105191.2568306011,fm2,0.0059591814688531065,0.016164,0.016896,99726.77595628415,-10
0,segment_matching_annotaudio_Aditya_2018-08-17_01_36_hp,0.001424,0.0201416015625,1396.6480446927374,103230.33707865169,fm1,0.010389747230474408,0.000896,0.00232,93398.87640449438,-10
1,segment_matching_annotaudio_Aditya_2018-08-17_01_36_hp,0.014784,0.05059814453125,135.2082206598161,106804.6536796537,cf1,0.023866650309662233,0.00232,0.017104,106601.73160173162,-10
2,segment_matching_annotaudio_Aditya_2018-08-17_01_36_hp,0.001772,0.0308837890625,1126.126126126126,106659.14221218962,fm2,0.014711470499667324,0.017104,0.018876,89164.7855530474,-10
0,segment_matching_annotaudio_Aditya_2018-08-17_01_37_hp,0.001292,0.047698974609375,1543.20987654321,107585.13931888544,fm1,0.023060398479899016,0.000764,0.002056,95201.23839009287,-10
1,segment_matching_annotaudio_Aditya_2018-08-17_01_37_hp,0.01328,0.064422607421875,150.51173991571343,108057.22891566265,cf1,0.03540320050079213,0.002056,0.015336,107831.32530120481,-10
2,segment_matching_annotaudio_Aditya_2018-08-17_01_37_hp,0.001572,0.085723876953125,1269.0355329949239,108142.49363867685,fm2,0.03811730679438983,0.015336,0.016908,92875.31806615778,-10
0,segment_matching_annotaudio_Aditya_2018-08-17_01_39_hp,0.001948,0.1268310546875,1024.5901639344263,97022.58726899386,fm1,0.06279303092224613,0.000232,0.00218,90349.07597535936,-10
1,segment_matching_annotaudio_Aditya_2018-08-17_01_39_hp,0.013904,0.19781494140625,143.7607820586544,108314.15420023016,cf1,0.09641648534365488,0.00218,0.016084,108098.38895281934,-10
2,segment_matching_annotaudio_Aditya_2018-08-17_01_39_hp,0.002084,0.08544921875,957.8544061302682,104606.52591170826,fm2,0.03941232684255831,0.016084,0.018168,87332.05374280231,-10
0,segment_matching_annotaudio_Aditya_2018-08-17_01_40_hp,0.001672,0.0263671875,1190.4761904761904,106459.33014354068,fm1,0.011365825420341216,0.000436,0.002108,92105.26315789475,-10
1,segment_matching_annotaudio_Aditya_2018-08-17_01_40_hp,0.012512,0.04412841796875,159.7444089456869,106937.34015345271,cf1,0.020451355771131163,0.002108,0.01462,106777.49360613813,-10
2,segment_matching_annotaudio_Aditya_2018-08-17_01_40_hp,0.000368,0.03411865234375,5319.148936170212,105978.26086956522,fm2,0.020149543010830585,0.01462,0.014988,103260.86956521739,-10
3,segment_matching_annotaudio_Aditya_2018-08-17_01_40_hp,0.000184,0.013519287109375,10416.666666666666,114130.43478260869,cf2,0.006782843854566605,0.014988,0.015172,92391.30434782608,-10
4,segment_matching_annotaudio_Aditya_2018-08-17_01_40_hp,0.000368,0.032623291015625,5319.148936170212,105978.26086956522,fm3,0.01963979991026731,0.015172,0.01554,103260.86956521739,-10
5,segment_matching_annotaudio_Aditya_2018-08-17_01_40_hp,0.000916,0.02734375,2173.913043478261,109170.3056768559,cf3,0.013909995354141091,0.01554,0.016456,103711.7903930131,-10
6,segment_matching_annotaudio_Aditya_2018-08-17_01_40_hp,0.002444,0.025421142578125,816.9934640522875,95744.68085106382,fm4,0.008730690017431769,0.016456,0.0189,91243.86252045826,-10
0,segment_matching_annotaudio_Aditya_2018-08-17_01_45_hp,0.000784,0.076446533203125,2525.252525252525,105867.34693877552,fm1,0.03974927024847138,0.000756,0.00154,100765.306122449,-10
1,segment_matching_annotaudio_Aditya_2018-08-17_01_45_hp,0.03686,0.234039306640625,54.25347222222222,108464.4601193706,cf1,0.09845407289976817,0.00154,0.0384,108247.42268041239,-10
2,segment_matching_annotaudio_Aditya_2018-08-17_01_45_hp,0.000764,0.047943115234375,2604.1666666666665,107329.8429319372,fm2,0.02599514223315782,0.0384,0.039164,103403.14136125657,-10
0,segment_matching_annotaudio_Aditya_2018-08-17_01_46_hp,0.001068,0.048553466796875,1865.6716417910447,107677.90262172285,fm1,0.020276490718423183,0.000292,0.00136,104868.91385767791,-10
1,segment_matching_annotaudio_Aditya_2018-08-17_01_46_hp,0.024028,0.0892333984375,83.22237017310253,109913.43432661895,cf1,0.04728678437974849,0.00136,0.025388,109746.96187780924,-10
2,segment_matching_annotaudio_Aditya_2018-08-17_01_46_hp,0.001056,0.0406494140625,1879.6992481203008,110795.45454545456,fm2,0.017881113282138004,0.025388,0.026444,105113.63636363638,-10
3,segment_matching_annotaudio_Aditya_2018-08-17_01_46_hp,0.00026,0.020965576171875,7575.757575757576,88461.53846153847,cf2,0.010582159393026012,0.026444,0.026704,84615.38461538462,-10
4,segment_matching_annotaudio_Aditya_2018-08-17_01_46_hp,0.000192,0.022216796875,10000.0,83333.33333333333,fm3,0.009009969318683109,0.026704,0.026896,78125.0,-10
0,segment_matching_annotaudio_Aditya_2018-08-17_01_47_hp,0.000976,0.09857177734375,2032.520325203252,109631.14754098361,fm1,0.050914640435515926,0.000608,0.001584,103483.60655737706,-10
1,segment_matching_annotaudio_Aditya_2018-08-17_01_47_hp,0.01376,0.2410888671875,145.2643811737362,110465.11627906977,cf1,0.13767548540664395,0.001584,0.015344,110319.76744186047,-10
2,segment_matching_annotaudio_Aditya_2018-08-17_01_47_hp,0.0014,0.250213623046875,1420.4545454545455,107857.14285714287,fm2,0.11693721017845664,0.015344,0.016744,95000.0,-10
0,segment_matching_annotaudio_Aditya_2018-08-17_01_58_hp,0.001332,0.03729248046875,1497.005988023952,108108.10810810812,fm1,0.02128866640762874,0.000464,0.001796,99849.84984984987,-10
1,segment_matching_annotaudio_Aditya_2018-08-17_01_58_hp,0.0418,0.13397216796875,47.83773440489858,109665.07177033494,cf1,0.055414503704399,0.001796,0.043596,109641.14832535885,-10
2,segment_matching_annotaudio_Aditya_2018-08-17_01_58_hp,0.00114,0.04656982421875,1748.2517482517483,107894.73684210527,fm2,0.024718558517141834,0.043596,0.044736,100000.0,-10
0,segment_matching_annotaudio_Aditya_2018-08-17_01_60_hp,0.017656,0.073272705078125,113.22463768115942,106139.55595831446,cf1,0.03766645969895062,0.001168,0.018824,105969.64204802901,-10
1,segment_matching_annotaudio_Aditya_2018-08-17_01_60_hp,0.000388,0.0352783203125,5102.040816326531,103092.78350515464,fm1,0.0168739445747008,0.018824,0.019212,103092.78350515464,-10
2,segment_matching_annotaudio_Aditya_2018-08-17_01_60_hp,0.000196,0.034515380859375,10000.0,107142.85714285716,cf2,0.014626018079725819,0.019212,0.019408,91836.73469387756,-10
3,segment_matching_annotaudio_Aditya_2018-08-17_01_60_hp,0.001552,0.09185791015625,1282.051282051282,97938.14432989691,fm2,0.03285923534942663,0.019408,0.02096,89561.85567010309,-10
0,segment_matching_annotaudio_Aditya_2018-08-17_01_65_hp,0.001668,0.01080322265625,1196.1722488038276,101918.46522781775,fm1,0.005066981665057612,4e-05,0.001708,91726.61870503597,-10
1,segment_matching_annotaudio_Aditya_2018-08-17_01_65_hp,0.015276,0.031524658203125,130.89005235602093,104019.37680020947,cf1,0.014468259108317094,0.001708,0.016984,103953.9146373396,-10
2,segment_matching_annotaudio_Aditya_2018-08-17_01_65_hp,0.001536,0.01214599609375,1295.3367875647668,103515.625,fm2,0.005121430571333145,0.016984,0.01852,93098.95833333333,-10
0,segment_matching_annotaudio_Aditya_2018-08-17_01_75_hp,0.01296,0.097015380859375,154.22578655151142,105092.5925925926,cf1,0.043181442192797376,0.000336,0.013296,104861.11111111111,-10
1,segment_matching_annotaudio_Aditya_2018-08-17_01_75_hp,0.002704,0.11785888671875,737.4631268436578,103180.47337278107,fm1,0.05125809221035818,0.013296,0.016,90976.33136094674,-10
0,segment_matching_annotaudio_Aditya_2018-08-17_01_76_hp,0.000928,0.0089111328125,2136.7521367521367,103448.27586206896,fm1,0.004374722527175296,0.001456,0.002384,98060.3448275862,-10
1,segment_matching_annotaudio_Aditya_2018-08-17_01_76_hp,0.020292,0.03814697265625,98.54158454867954,103932.58426966293,cf1,0.01778670039679634,0.002384,0.022676,103834.0232603982,-10
2,segment_matching_annotaudio_Aditya_2018-08-17_01_76_hp,0.001628,0.016998291015625,1225.4901960784314,101965.60196560196,fm2,0.00717272726421847,0.022676,0.024304,90909.09090909091,-10
0,segment_matching_annotaudio_Aditya_2018-08-17_01_78_hp,0.011368,0.042938232421875,175.8087201125176,104239.97185080929,cf1,0.018009428296254987,0.000424,0.011792,104064.039408867,-10
1,segment_matching_annotaudio_Aditya_2018-08-17_01_78_hp,0.002,0.044219970703125,996.01593625498,97000.0,fm1,0.02226988412878246,0.011792,0.013792,87500.0,-10
0,segment_matching_annotaudio_Aditya_2018-08-17_01_79_hp,0.011408,0.03363037109375,175.1927119831815,103085.55399719496,cf1,0.0160021720003862,0.001536,0.012944,102822.5806451613,-10
1,segment_matching_annotaudio_Aditya_2018-08-17_01_79_hp,0.001784,0.046905517578125,1116.0714285714287,100896.86098654708,fm1,0.019908019418646943,0.012944,0.014728,89686.0986547085,-10
0,segment_matching_annotaudio_Aditya_2018-08-17_01_80_hp,0.001016,0.01983642578125,1953.125,105314.96062992126,fm1,0.009412343893799392,0.000716,0.001732,100393.70078740158,-10
1,segment_matching_annotaudio_Aditya_2018-08-17_01_80_hp,0.017796,0.051300048828125,112.35955056179775,108676.10699033491,cf1,0.0254977466108319,0.001732,0.019528,108395.1449763992,-10
2,segment_matching_annotaudio_Aditya_2018-08-17_01_80_hp,0.0012,0.0374755859375,1655.6291390728477,105833.33333333334,fm2,0.013864888417030196,0.019528,0.020728,102500.0,-10
3,segment_matching_annotaudio_Aditya_2018-08-17_01_80_hp,0.000204,0.01116943359375,9615.384615384615,107843.13725490196,cf2,0.006527233376514695,0.020728,0.020932,102941.17647058824,-10
0,segment_matching_annotaudio_Aditya_2018-08-17_01_81_hp,0.000324,0.007720947265625,6097.5609756097565,111111.11111111112,cf1,0.004472150410512629,0.000968,0.001292,101851.85185185187,-10
1,segment_matching_annotaudio_Aditya_2018-08-17_01_81_hp,0.000312,0.01580810546875,6250.0,108974.35897435897,fm1,0.008558638884684033,0.001292,0.001604,102564.10256410256,-10
2,segment_matching_annotaudio_Aditya_2018-08-17_01_81_hp,0.01342,0.06329345703125,148.98688915375448,106929.95529061103,cf2,0.034385444893102204,0.001604,0.015024,106780.92399403875,-10
3,segment_matching_annotaudio_Aditya_2018-08-17_01_81_hp,0.001848,0.036712646484375,1077.5862068965516,104437.22943722946,fm2,0.013139156259117964,0.015024,0.016872,100108.22510822512,-10
0,segment_matching_annotaudio_Aditya_2018-08-17_01_82_hp,0.001456,0.11297607421875,1366.120218579235,100961.53846153848,fm1,0.0524886806159611,0.00014,0.001596,92032.96703296705,-10
1,segment_matching_annotaudio_Aditya_2018-08-17_01_82_hp,0.026204,0.184417724609375,76.31257631257631,102694.2451534117,cf1,0.07534431070901712,0.001596,0.0278,102388.94825217525,-10
2,segment_matching_annotaudio_Aditya_2018-08-17_01_82_hp,0.001276,0.047943115234375,1562.5,100313.47962382445,fm2,0.022617368761367575,0.0278,0.029076,90909.0909090909,-10
0,segment_matching_annotaudio_Aditya_2018-08-17_01_83_hp,0.002036,0.234710693359375,980.3921568627451,99214.14538310413,fm1,0.12928350337226427,0.001272,0.003308,88408.64440078585,-10
1,segment_matching_annotaudio_Aditya_2018-08-17_01_83_hp,0.014904,0.446990966796875,134.12017167381975,102120.2361782072,cf1,0.2534728712354469,0.003308,0.018212,101784.75577026303,-10
2,segment_matching_annotaudio_Aditya_2018-08-17_01_83_hp,0.001776,0.271728515625,1121.0762331838564,97409.90990990991,fm2,0.1358734156118544,0.018212,0.019988,86711.71171171172,-10
